

Layer 1
Weights
-2.0364846135230055 3.4107669613391134 -8.769251091390498 8.837368296674242 6.457293361765774 9.562022227785967 ;8.839052062406571 -1.537040732734634 -1.8415924641480035 7.807211784105078 10.215401537447864 2.7816811305173768 ;-2.964472493741277 4.405636229394578 -1.4231802599273777 5.662997083625084 8.975791043245883 -4.837973416702992 ;
Biases
-8.399908520311834 
Layer 2
Weights
1.9973012459235193 -4.126733964288478 3.804613976770251 ;6.781974854995629 5.984545460193788 -8.515141372779636 ;
Biases
-8.902215263456291 

Layer 1
Weights
-2.3977637952359627 3.495621938318603 -9.305878073365621 8.300719335538512 6.666896786764087 9.346171526328723 ;9.149279467005222 -2.0168087160897827 -2.159445451113537 7.4426542973739584 9.867167516740292 3.1945157810929237 ;-3.1982873275311365 4.760351397823356 -1.5409991939640992 5.6002769938276336 8.937991472132877 -4.708192681650579 ;
Biases
-8.556862794442132 
Layer 2
Weights
2.5554061039093847 -4.872591700092915 4.139111908592058 ;6.347693774153909 5.6174202259308785 -8.748605357964056 ;
Biases
-8.75131958572313 




Score: 831

Layer 1
Weights
-0.1529508627413168 3.482862155785938 2.3325548032815275 2.2033267131462475 -2.616073163147956 -0.3132512512063481 ;1.896715295925882 1.7092108684974994 -0.2622197504352236 -0.2988893768873544 3.7005107960040333 -3.6705765930223704 ;-3.475270413123554 3.391303839944979 -3.0324124855500156 -5.030402735408237 -2.4455108359897273 -4.002082245015845 ;
Biases
0.42783214036605133 2.7842252518168538 0.6158182335814206 
Layer 2
Weights
-5.089559645849146 0.8950495124585208 2.4925911853735827 ;1.2745061397263158 -4.476238518213317 -2.918057769175149 ;
Biases
0.4617301379570703 -3.782978540390338 